0000000000000000
0010101010100000
1010000000000000
0001000000001101
1111000100000100
0000000010000110
0000000011001001
0010000100000100

1111111100101110
1111111100111110
1000000000001101
1111100000000100
0000000010000110
0000000010011111
0000001010001001
0011000100100000
0100111011000000
0011001100100010
0010001001000001
0100001001000001
0010100001000010
0011001100110111
0010001000110010

1111000000100101
0000111100011100

0000000000000000
1000000000000000
1000000000011101
1111000010000100
0000000011000110
0000000000011100
0000000010011111
0000011011001001

0110000000000000
0110000000101101
1111000001100100
0000000010111111
0000100010001001
0111000000001101
0110000000000000


1111000000010000
0111000001110101
1110011100100010
0000000010111111
0000000011011111
1010111110100001
0000000010011111
1010111110100010

1011000000000000
1110000000010000

1111101010110010
0000000010111111
0000000010011111
1000000000001110
1011111010110001

1111101010110010
0000000010111111
0000000010011111
1111001000001110
1011111010110001

1111101010110010
0000000010111111
0000000010011111
0100100000001110
1011111010110001

1111101010110010
0000000010111111
0000000010011111
0110000000001110
1011111010110001

1111101010110010
0000000010111111
0000000010011111
0011001000001110
1011111010110001

1111101010110010
0000000010111111
0000000010011111
0010010000001110
1011111010110001

1111101010110010
0000000010111111
0000000010011111
0000010000001110
1011111010110001

1111101010110010
0000000010111111
0000000010011111
1111000000001110
1011111010110001

1111101010110010
0000000010111111
0000000010011111
0000000000001110
1011111010110001

1111101010110010
0000000010111111
0000000010011111
0010000000001110
1011111010110001

1111101010110010
0000000010111111
0000000100011111
0001110000001110
1111001000101110
1101010000111110

0000001010001001




















































































